instrumentId,tradingday,openprice,highestprice,lowestprice,closeprice,openinterest,volume
a1509,2015-05-05 20:59,4277.0,4277.0,4277.0,4277.0,161136,52
a1509,2015-05-05 21:00,4277.0,4279.0,4271.0,4275.0,161142,676
a1509,2015-05-05 21:01,4274.0,4275.0,4265.0,4267.0,161090,918
a1509,2015-05-05 21:02,4267.0,4269.0,4262.0,4269.0,161318,768
a1509,2015-05-05 21:03,4269.0,4271.0,4267.0,4271.0,161290,234
a1509,2015-05-05 21:04,4271.0,4275.0,4270.0,4274.0,161118,860
a1509,2015-05-05 21:05,4274.0,4275.0,4271.0,4271.0,161070,198
a1509,2015-05-05 21:06,4271.0,4274.0,4271.0,4271.0,161134,248
a1509,2015-05-05 21:07,4271.0,4271.0,4268.0,4268.0,161148,390
a1509,2015-05-05 21:08,4267.0,4270.0,4267.0,4270.0,161108,340
a1509,2015-05-05 21:09,4270.0,4271.0,4269.0,4269.0,161100,90
a1509,2015-05-05 21:10,4271.0,4271.0,4269.0,4271.0,161100,104
a1509,2015-05-05 21:11,4271.0,4273.0,4270.0,4273.0,161112,180
a1509,2015-05-05 21:12,4273.0,4274.0,4272.0,4273.0,161158,148
a1509,2015-05-05 21:13,4273.0,4273.0,4272.0,4272.0,161150,160
a1509,2015-05-05 21:14,4272.0,4276.0,4272.0,4276.0,161088,428
a1509,2015-05-05 21:15,4276.0,4277.0,4275.0,4276.0,161028,410
a1509,2015-05-05 21:16,4277.0,4281.0,4276.0,4280.0,161150,802
a1509,2015-05-05 21:17,4280.0,4282.0,4279.0,4280.0,161290,956
a1509,2015-05-05 21:18,4280.0,4280.0,4278.0,4279.0,161296,426
a1509,2015-05-05 21:19,4279.0,4280.0,4275.0,4278.0,161652,742
a1509,2015-05-05 21:20,4278.0,4278.0,4274.0,4274.0,161722,758
a1509,2015-05-05 21:21,4273.0,4275.0,4273.0,4274.0,161766,268
a1509,2015-05-05 21:22,4274.0,4276.0,4274.0,4275.0,161776,120
a1509,2015-05-05 21:23,4275.0,4275.0,4274.0,4275.0,161828,164
a1509,2015-05-05 21:24,4276.0,4276.0,4274.0,4275.0,161916,200
a1509,2015-05-05 21:25,4275.0,4275.0,4274.0,4275.0,161910,54
a1509,2015-05-05 21:26,4274.0,4274.0,4273.0,4274.0,162004,180
a1509,2015-05-05 21:27,4274.0,4275.0,4273.0,4274.0,161986,66
a1509,2015-05-05 21:28,4274.0,4275.0,4274.0,4274.0,161978,140
a1509,2015-05-05 21:29,4274.0,4275.0,4273.0,4274.0,161940,68
a1509,2015-05-05 21:30,4275.0,4276.0,4275.0,4275.0,161872,250
a1509,2015-05-05 21:31,4275.0,4275.0,4274.0,4275.0,161904,84
a1509,2015-05-05 21:32,4274.0,4275.0,4273.0,4274.0,161884,78
a1509,2015-05-05 21:33,4274.0,4276.0,4274.0,4275.0,161876,262
a1509,2015-05-05 21:34,4275.0,4275.0,4274.0,4274.0,161856,142
a1509,2015-05-05 21:35,4275.0,4275.0,4274.0,4275.0,161850,68
a1509,2015-05-05 21:36,4275.0,4279.0,4275.0,4278.0,162090,766
a1509,2015-05-05 21:37,4278.0,4279.0,4277.0,4277.0,162090,234
a1509,2015-05-05 21:38,4277.0,4277.0,4277.0,4277.0,162060,84
a1509,2015-05-05 21:39,4278.0,4278.0,4277.0,4277.0,162050,36
a1509,2015-05-05 21:40,4277.0,4278.0,4277.0,4277.0,162054,38
a1509,2015-05-05 21:41,4277.0,4277.0,4276.0,4276.0,162074,108
a1509,2015-05-05 21:42,4276.0,4277.0,4276.0,4276.0,162048,56
a1509,2015-05-05 21:43,4276.0,4277.0,4275.0,4275.0,162024,138
a1509,2015-05-05 21:44,4275.0,4276.0,4275.0,4276.0,162022,30
a1509,2015-05-05 21:45,4276.0,4277.0,4275.0,4277.0,162022,28
a1509,2015-05-05 21:46,4277.0,4277.0,4276.0,4277.0,162030,24
a1509,2015-05-05 21:47,4277.0,4277.0,4276.0,4277.0,162016,46
a1509,2015-05-05 21:48,4276.0,4277.0,4276.0,4277.0,162012,42
a1509,2015-05-05 21:49,4275.0,4276.0,4275.0,4276.0,162020,42
a1509,2015-05-05 21:50,4276.0,4276.0,4275.0,4276.0,162016,8
a1509,2015-05-05 21:51,4275.0,4276.0,4275.0,4276.0,161992,36
a1509,2015-05-05 21:52,4276.0,4276.0,4276.0,4276.0,161940,84
a1509,2015-05-05 21:53,4276.0,4276.0,4275.0,4276.0,161982,72
a1509,2015-05-05 21:54,4275.0,4277.0,4275.0,4277.0,161978,156
a1509,2015-05-05 21:55,4277.0,4278.0,4277.0,4278.0,161980,42
a1509,2015-05-05 21:56,4278.0,4278.0,4278.0,4278.0,161982,8
a1509,2015-05-05 21:57,4278.0,4278.0,4277.0,4277.0,162018,52
a1509,2015-05-05 21:58,4277.0,4278.0,4277.0,4277.0,162022,34
a1509,2015-05-05 21:59,4277.0,4277.0,4276.0,4276.0,162044,136
a1509,2015-05-05 22:00,4276.0,4277.0,4276.0,4277.0,162080,114
a1509,2015-05-05 22:01,4277.0,4277.0,4276.0,4277.0,162074,20
a1509,2015-05-05 22:02,4277.0,4277.0,4274.0,4274.0,162038,386
a1509,2015-05-05 22:03,4273.0,4274.0,4272.0,4273.0,162006,276
a1509,2015-05-05 22:04,4273.0,4274.0,4272.0,4272.0,161980,110
a1509,2015-05-05 22:05,4272.0,4273.0,4272.0,4272.0,162000,152
a1509,2015-05-05 22:06,4272.0,4274.0,4271.0,4271.0,161972,122
a1509,2015-05-05 22:07,4271.0,4272.0,4271.0,4272.0,161972,28
a1509,2015-05-05 22:08,4272.0,4273.0,4271.0,4272.0,161916,128
a1509,2015-05-05 22:09,4272.0,4273.0,4272.0,4273.0,161910,18
a1509,2015-05-05 22:10,4272.0,4273.0,4272.0,4273.0,161962,88
a1509,2015-05-05 22:11,4273.0,4273.0,4272.0,4272.0,161950,44
a1509,2015-05-05 22:12,4272.0,4273.0,4272.0,4273.0,161894,154
a1509,2015-05-05 22:13,4273.0,4273.0,4272.0,4273.0,161892,14
a1509,2015-05-05 22:14,4274.0,4274.0,4272.0,4273.0,161878,28
a1509,2015-05-05 22:15,4272.0,4273.0,4272.0,4273.0,161870,14
a1509,2015-05-05 22:16,4273.0,4273.0,4272.0,4272.0,161874,26
a1509,2015-05-05 22:17,4274.0,4274.0,4272.0,4273.0,161870,30
a1509,2015-05-05 22:18,4272.0,4273.0,4272.0,4272.0,161872,28
a1509,2015-05-05 22:19,4273.0,4273.0,4272.0,4273.0,161908,98
a1509,2015-05-05 22:20,4273.0,4273.0,4273.0,4273.0,161918,12
a1509,2015-05-05 22:21,4272.0,4274.0,4272.0,4272.0,161916,68
a1509,2015-05-05 22:22,4272.0,4274.0,4272.0,4274.0,161918,98
a1509,2015-05-05 22:23,4274.0,4275.0,4274.0,4274.0,161904,38
a1509,2015-05-05 22:24,4275.0,4275.0,4274.0,4275.0,161896,18
a1509,2015-05-05 22:25,4275.0,4276.0,4274.0,4276.0,161924,92
a1509,2015-05-05 22:26,4276.0,4276.0,4275.0,4276.0,161854,88
a1509,2015-05-05 22:27,4276.0,4276.0,4274.0,4274.0,161832,106
a1509,2015-05-05 22:28,4274.0,4274.0,4272.0,4273.0,161800,194
a1509,2015-05-05 22:29,4272.0,4273.0,4272.0,4272.0,161804,104
a1509,2015-05-05 22:30,4272.0,4273.0,4271.0,4271.0,161816,56
a1509,2015-05-05 22:31,4271.0,4272.0,4271.0,4272.0,161840,32
a1509,2015-05-05 22:32,4272.0,4272.0,4271.0,4272.0,161822,82
a1509,2015-05-05 22:33,4272.0,4272.0,4270.0,4270.0,161880,134
a1509,2015-05-05 22:34,4271.0,4272.0,4270.0,4271.0,161876,64
a1509,2015-05-05 22:35,4271.0,4272.0,4271.0,4271.0,161880,34
a1509,2015-05-05 22:36,4271.0,4272.0,4271.0,4272.0,161878,44
a1509,2015-05-05 22:37,4272.0,4272.0,4272.0,4272.0,161886,12
a1509,2015-05-05 22:38,4272.0,4272.0,4272.0,4272.0,161886,8
a1509,2015-05-05 22:39,4272.0,4273.0,4271.0,4272.0,161906,34
a1509,2015-05-05 22:40,4271.0,4273.0,4271.0,4271.0,161922,110
a1509,2015-05-05 22:41,4271.0,4271.0,4271.0,4271.0,161924,2
a1509,2015-05-05 22:42,4271.0,4271.0,4268.0,4271.0,161938,3878
a1509,2015-05-05 22:43,4271.0,4271.0,4269.0,4271.0,161978,1454
a1509,2015-05-05 22:44,4271.0,4271.0,4270.0,4270.0,161984,14
a1509,2015-05-05 22:45,4270.0,4270.0,4269.0,4270.0,161994,50
a1509,2015-05-05 22:46,4269.0,4272.0,4269.0,4270.0,162042,712
a1509,2015-05-05 22:47,4270.0,4270.0,4268.0,4268.0,162038,594
a1509,2015-05-05 22:48,4268.0,4270.0,4268.0,4269.0,162054,102
a1509,2015-05-05 22:49,4269.0,4270.0,4269.0,4270.0,162048,40
a1509,2015-05-05 22:50,4270.0,4270.0,4269.0,4269.0,162050,12
a1509,2015-05-05 22:51,4269.0,4271.0,4268.0,4271.0,162094,338
a1509,2015-05-05 22:52,4271.0,4272.0,4271.0,4271.0,162082,28
a1509,2015-05-05 22:53,4272.0,4272.0,4270.0,4270.0,162050,320
a1509,2015-05-05 22:54,4269.0,4270.0,4268.0,4270.0,162012,158
a1509,2015-05-05 22:55,4270.0,4270.0,4269.0,4269.0,161966,84
a1509,2015-05-05 22:56,4270.0,4270.0,4269.0,4270.0,161956,78
a1509,2015-05-05 22:57,4270.0,4270.0,4270.0,4270.0,161952,20
a1509,2015-05-05 22:58,4269.0,4270.0,4269.0,4270.0,161936,220
a1509,2015-05-05 22:59,4270.0,4271.0,4270.0,4271.0,161850,300
a1509,2015-05-05 23:00,4271.0,4271.0,4270.0,4270.0,161880,152
a1509,2015-05-05 23:01,4270.0,4271.0,4270.0,4270.0,161898,46
a1509,2015-05-05 23:02,4270.0,4270.0,4269.0,4269.0,161888,20
a1509,2015-05-05 23:03,4269.0,4270.0,4269.0,4270.0,161888,10
a1509,2015-05-05 23:04,4270.0,4270.0,4269.0,4270.0,161888,52
a1509,2015-05-05 23:05,4270.0,4270.0,4270.0,4270.0,161896,20
a1509,2015-05-05 23:06,4270.0,4270.0,4270.0,4270.0,161886,38
a1509,2015-05-05 23:07,4271.0,4271.0,4270.0,4270.0,161886,12
a1509,2015-05-05 23:08,4270.0,4270.0,4269.0,4269.0,161894,14
a1509,2015-05-05 23:09,4269.0,4269.0,4269.0,4269.0,161894,0
a1509,2015-05-05 23:10,4269.0,4269.0,4269.0,4269.0,161886,8
a1509,2015-05-05 23:11,4269.0,4270.0,4269.0,4269.0,161936,72
a1509,2015-05-05 23:12,4270.0,4270.0,4269.0,4270.0,161932,22
a1509,2015-05-05 23:13,4270.0,4270.0,4269.0,4269.0,161934,52
a1509,2015-05-05 23:14,4270.0,4270.0,4268.0,4268.0,161912,122
a1509,2015-05-05 23:15,4268.0,4268.0,4262.0,4263.0,162196,780
a1509,2015-05-05 23:16,4263.0,4264.0,4262.0,4264.0,162256,154
a1509,2015-05-05 23:17,4264.0,4264.0,4261.0,4262.0,162246,240
a1509,2015-05-05 23:18,4262.0,4269.0,4262.0,4266.0,162146,342
a1509,2015-05-05 23:19,4266.0,4267.0,4266.0,4267.0,162162,204
a1509,2015-05-05 23:20,4267.0,4267.0,4266.0,4266.0,162168,176
a1509,2015-05-05 23:21,4266.0,4267.0,4265.0,4266.0,162152,32
a1509,2015-05-05 23:22,4266.0,4266.0,4264.0,4265.0,162128,250
a1509,2015-05-05 23:23,4265.0,4267.0,4265.0,4267.0,162160,298
a1509,2015-05-05 23:24,4267.0,4268.0,4267.0,4267.0,162174,72
a1509,2015-05-05 23:25,4267.0,4268.0,4266.0,4267.0,162208,90
a1509,2015-05-05 23:26,4267.0,4268.0,4267.0,4267.0,162242,62
a1509,2015-05-05 23:27,4267.0,4268.0,4267.0,4267.0,162242,14
a1509,2015-05-05 23:28,4268.0,4268.0,4268.0,4268.0,162206,62
a1509,2015-05-05 23:29,4268.0,4269.0,4268.0,4269.0,162202,50
a1509,2015-05-05 23:30,4268.0,4268.0,4267.0,4267.0,162174,60
a1509,2015-05-05 23:31,4267.0,4267.0,4267.0,4267.0,162172,2
a1509,2015-05-05 23:32,4267.0,4268.0,4267.0,4268.0,162146,32
a1509,2015-05-05 23:33,4268.0,4269.0,4268.0,4269.0,162156,88
a1509,2015-05-05 23:34,4269.0,4269.0,4268.0,4268.0,162110,98
a1509,2015-05-05 23:35,4268.0,4268.0,4268.0,4268.0,162106,4
a1509,2015-05-05 23:36,4268.0,4268.0,4268.0,4268.0,162096,64
a1509,2015-05-05 23:37,4269.0,4270.0,4269.0,4270.0,162048,62
a1509,2015-05-05 23:38,4270.0,4270.0,4270.0,4270.0,162054,110
a1509,2015-05-05 23:39,4270.0,4270.0,4270.0,4270.0,162052,14
a1509,2015-05-05 23:40,4270.0,4270.0,4270.0,4270.0,162052,2
a1509,2015-05-05 23:41,4269.0,4269.0,4269.0,4269.0,162056,22
a1509,2015-05-05 23:42,4269.0,4269.0,4269.0,4269.0,162054,4
a1509,2015-05-05 23:43,4269.0,4270.0,4269.0,4270.0,162060,8
a1509,2015-05-05 23:44,4270.0,4271.0,4270.0,4271.0,162038,36
a1509,2015-05-05 23:45,4271.0,4271.0,4270.0,4270.0,162018,98
a1509,2015-05-05 23:46,4270.0,4271.0,4269.0,4269.0,162000,44
a1509,2015-05-05 23:47,4269.0,4270.0,4269.0,4270.0,162028,30
a1509,2015-05-05 23:48,4270.0,4270.0,4270.0,4270.0,162024,22
a1509,2015-05-05 23:49,4271.0,4271.0,4271.0,4271.0,162014,48
a1509,2015-05-05 23:50,4271.0,4271.0,4270.0,4270.0,162004,118
a1509,2015-05-05 23:51,4270.0,4270.0,4270.0,4270.0,162004,6
a1509,2015-05-05 23:52,4270.0,4270.0,4269.0,4270.0,162000,16
a1509,2015-05-05 23:53,4270.0,4270.0,4270.0,4270.0,162002,2
a1509,2015-05-05 23:54,4270.0,4271.0,4270.0,4271.0,161972,146
a1509,2015-05-05 23:55,4271.0,4274.0,4271.0,4273.0,161926,314
a1509,2015-05-05 23:56,4274.0,4274.0,4273.0,4273.0,161906,98
a1509,2015-05-05 23:57,4273.0,4274.0,4272.0,4273.0,161896,84
a1509,2015-05-05 23:58,4273.0,4273.0,4272.0,4273.0,161860,112
a1509,2015-05-05 23:59,4273.0,4273.0,4273.0,4273.0,161822,88
a1509,2015-05-06 00:00,4273.0,4274.0,4272.0,4274.0,161826,20
a1509,2015-05-06 00:01,4273.0,4274.0,4272.0,4273.0,161814,36
a1509,2015-05-06 00:02,4273.0,4273.0,4272.0,4272.0,161816,18
a1509,2015-05-06 00:03,4272.0,4273.0,4272.0,4273.0,161804,20
a1509,2015-05-06 00:04,4273.0,4273.0,4273.0,4273.0,161802,2
a1509,2015-05-06 00:05,4273.0,4273.0,4273.0,4273.0,161800,2
a1509,2015-05-06 00:06,4273.0,4273.0,4273.0,4273.0,161800,2
a1509,2015-05-06 00:07,4273.0,4273.0,4272.0,4272.0,161800,8
a1509,2015-05-06 00:08,4272.0,4272.0,4272.0,4272.0,161800,0
a1509,2015-05-06 00:09,4272.0,4272.0,4272.0,4272.0,161800,2
a1509,2015-05-06 00:10,4272.0,4273.0,4272.0,4273.0,161798,4
a1509,2015-05-06 00:11,4273.0,4273.0,4273.0,4273.0,161800,18
a1509,2015-05-06 00:12,4273.0,4273.0,4272.0,4273.0,161800,8
a1509,2015-05-06 00:13,4273.0,4273.0,4272.0,4272.0,161800,10
a1509,2015-05-06 00:14,4272.0,4272.0,4272.0,4272.0,161806,10
a1509,2015-05-06 00:15,4273.0,4273.0,4273.0,4273.0,161784,72
a1509,2015-05-06 00:16,4273.0,4273.0,4273.0,4273.0,161784,0
a1509,2015-05-06 00:17,4273.0,4273.0,4272.0,4272.0,161802,18
a1509,2015-05-06 00:18,4272.0,4272.0,4272.0,4272.0,161802,72
a1509,2015-05-06 00:19,4273.0,4273.0,4273.0,4273.0,161796,6
a1509,2015-05-06 00:20,4273.0,4273.0,4273.0,4273.0,161796,2
a1509,2015-05-06 00:21,4273.0,4273.0,4273.0,4273.0,161794,4
a1509,2015-05-06 00:22,4272.0,4272.0,4272.0,4272.0,161794,18
a1509,2015-05-06 00:23,4272.0,4272.0,4272.0,4272.0,161794,14
a1509,2015-05-06 00:24,4273.0,4273.0,4273.0,4273.0,161816,40
a1509,2015-05-06 00:25,4273.0,4273.0,4273.0,4273.0,161816,2
a1509,2015-05-06 00:27,4273.0,4273.0,4273.0,4273.0,161818,8
a1509,2015-05-06 00:28,4272.0,4272.0,4272.0,4272.0,161818,2
a1509,2015-05-06 00:29,4272.0,4273.0,4272.0,4273.0,161828,10
a1509,2015-05-06 00:30,4273.0,4273.0,4273.0,4273.0,161828,2
a1509,2015-05-06 00:31,4273.0,4274.0,4273.0,4274.0,161822,62
a1509,2015-05-06 00:32,4273.0,4273.0,4273.0,4273.0,161826,4
a1509,2015-05-06 00:33,4274.0,4274.0,4274.0,4274.0,161826,6
a1509,2015-05-06 00:34,4274.0,4274.0,4273.0,4273.0,161764,78
a1509,2015-05-06 00:35,4273.0,4273.0,4273.0,4273.0,161762,46
a1509,2015-05-06 00:36,4273.0,4273.0,4273.0,4273.0,161762,0
a1509,2015-05-06 00:37,4273.0,4274.0,4272.0,4272.0,161752,14
a1509,2015-05-06 00:38,4272.0,4274.0,4272.0,4274.0,161752,8
a1509,2015-05-06 00:39,4274.0,4274.0,4274.0,4274.0,161752,2
a1509,2015-05-06 00:40,4273.0,4273.0,4273.0,4273.0,161696,58
a1509,2015-05-06 00:41,4273.0,4273.0,4273.0,4273.0,161696,0
a1509,2015-05-06 00:43,4273.0,4273.0,4273.0,4273.0,161694,142
a1509,2015-05-06 00:44,4273.0,4273.0,4273.0,4273.0,161696,2
a1509,2015-05-06 00:45,4273.0,4274.0,4273.0,4274.0,161696,6
a1509,2015-05-06 00:46,4274.0,4274.0,4274.0,4274.0,161696,0
a1509,2015-05-06 00:48,4274.0,4274.0,4274.0,4274.0,161696,6
a1509,2015-05-06 00:49,4273.0,4273.0,4273.0,4273.0,161688,10
a1509,2015-05-06 00:50,4272.0,4273.0,4272.0,4273.0,161704,50
a1509,2015-05-06 00:51,4273.0,4273.0,4273.0,4273.0,161704,6
a1509,2015-05-06 00:52,4273.0,4273.0,4273.0,4273.0,161704,10
a1509,2015-05-06 00:53,4273.0,4273.0,4273.0,4273.0,161698,6
a1509,2015-05-06 00:55,4273.0,4273.0,4273.0,4273.0,161698,0
a1509,2015-05-06 00:56,4273.0,4273.0,4273.0,4273.0,161696,2
a1509,2015-05-06 00:57,4273.0,4273.0,4273.0,4273.0,161696,0
a1509,2015-05-06 00:58,4273.0,4273.0,4273.0,4273.0,161692,4
a1509,2015-05-06 00:59,4274.0,4274.0,4274.0,4274.0,161688,4
a1509,2015-05-06 01:00,4272.0,4274.0,4272.0,4273.0,161700,64
a1509,2015-05-06 01:01,4273.0,4273.0,4273.0,4273.0,161700,4
a1509,2015-05-06 01:02,4273.0,4273.0,4273.0,4273.0,161698,4
a1509,2015-05-06 01:03,4273.0,4273.0,4273.0,4273.0,161704,6
a1509,2015-05-06 01:04,4273.0,4273.0,4273.0,4273.0,161698,22
a1509,2015-05-06 01:05,4273.0,4274.0,4273.0,4274.0,161690,8
a1509,2015-05-06 01:06,4274.0,4274.0,4274.0,4274.0,161690,0
a1509,2015-05-06 01:07,4273.0,4273.0,4273.0,4273.0,161694,38
a1509,2015-05-06 01:09,4273.0,4273.0,4273.0,4273.0,161694,0
a1509,2015-05-06 01:10,4273.0,4273.0,4273.0,4273.0,161694,14
a1509,2015-05-06 01:11,4273.0,4273.0,4273.0,4273.0,161694,0
a1509,2015-05-06 01:12,4273.0,4273.0,4273.0,4273.0,161694,0
a1509,2015-05-06 01:13,4273.0,4273.0,4273.0,4273.0,161696,2
a1509,2015-05-06 01:14,4273.0,4274.0,4273.0,4274.0,161696,4
a1509,2015-05-06 01:15,4274.0,4274.0,4274.0,4274.0,161696,0
a1509,2015-05-06 01:17,4274.0,4274.0,4274.0,4274.0,161696,2
a1509,2015-05-06 01:18,4274.0,4274.0,4274.0,4274.0,161696,4
a1509,2015-05-06 01:20,4274.0,4274.0,4274.0,4274.0,161696,4
a1509,2015-05-06 01:21,4274.0,4274.0,4274.0,4274.0,161694,2
a1509,2015-05-06 01:22,4274.0,4274.0,4274.0,4274.0,161692,4
a1509,2015-05-06 01:23,4274.0,4274.0,4274.0,4274.0,161692,2
a1509,2015-05-06 01:24,4274.0,4274.0,4274.0,4274.0,161692,0
a1509,2015-05-06 01:25,4274.0,4274.0,4274.0,4274.0,161692,0
a1509,2015-05-06 01:27,4273.0,4273.0,4273.0,4273.0,161692,12
a1509,2015-05-06 01:28,4273.0,4273.0,4273.0,4273.0,161692,0
a1509,2015-05-06 01:29,4273.0,4273.0,4273.0,4273.0,161690,4
a1509,2015-05-06 01:30,4273.0,4273.0,4273.0,4273.0,161680,24
a1509,2015-05-06 01:31,4273.0,4273.0,4273.0,4273.0,161680,0
a1509,2015-05-06 01:33,4273.0,4273.0,4273.0,4273.0,161680,2
a1509,2015-05-06 01:34,4273.0,4274.0,4273.0,4274.0,161680,2
a1509,2015-05-06 01:35,4274.0,4274.0,4273.0,4273.0,161676,8
a1509,2015-05-06 01:36,4273.0,4273.0,4273.0,4273.0,161676,0
a1509,2015-05-06 01:37,4273.0,4274.0,4273.0,4274.0,161658,18
a1509,2015-05-06 01:38,4274.0,4274.0,4273.0,4273.0,161624,46
a1509,2015-05-06 01:39,4273.0,4273.0,4273.0,4273.0,161620,24
a1509,2015-05-06 01:40,4273.0,4273.0,4273.0,4273.0,161620,0
a1509,2015-05-06 01:41,4273.0,4273.0,4273.0,4273.0,161620,0
a1509,2015-05-06 01:42,4273.0,4273.0,4273.0,4273.0,161620,0
a1509,2015-05-06 01:43,4273.0,4273.0,4273.0,4273.0,161620,2
a1509,2015-05-06 01:44,4273.0,4273.0,4273.0,4273.0,161620,0
a1509,2015-05-06 01:45,4272.0,4272.0,4272.0,4272.0,161620,4
a1509,2015-05-06 01:46,4272.0,4272.0,4272.0,4272.0,161622,2
a1509,2015-05-06 01:47,4272.0,4272.0,4272.0,4272.0,161622,0
a1509,2015-05-06 01:48,4273.0,4273.0,4273.0,4273.0,161616,10
a1509,2015-05-06 01:50,4272.0,4272.0,4272.0,4272.0,161876,822
a1509,2015-05-06 01:51,4272.0,4273.0,4272.0,4272.0,161842,540
a1509,2015-05-06 01:52,4274.0,4274.0,4274.0,4274.0,161842,2
a1509,2015-05-06 01:53,4274.0,4274.0,4273.0,4274.0,161840,4
a1509,2015-05-06 01:54,4272.0,4273.0,4272.0,4273.0,161836,20
a1509,2015-05-06 01:55,4273.0,4273.0,4273.0,4273.0,161836,0
a1509,2015-05-06 01:56,4273.0,4273.0,4272.0,4273.0,161834,24
a1509,2015-05-06 01:58,4273.0,4273.0,4273.0,4273.0,161834,0
a1509,2015-05-06 01:59,4273.0,4273.0,4273.0,4273.0,161834,2
a1509,2015-05-06 02:00,4273.0,4273.0,4273.0,4273.0,161834,0
a1509,2015-05-06 02:01,4273.0,4273.0,4273.0,4273.0,161834,0
a1509,2015-05-06 02:03,4273.0,4274.0,4272.0,4274.0,161830,24
a1509,2015-05-06 02:05,4274.0,4274.0,4274.0,4274.0,161830,0
a1509,2015-05-06 02:06,4274.0,4274.0,4274.0,4274.0,161830,0
a1509,2015-05-06 02:07,4274.0,4274.0,4273.0,4273.0,161816,20
a1509,2015-05-06 02:08,4273.0,4273.0,4273.0,4273.0,161816,0
a1509,2015-05-06 02:09,4273.0,4273.0,4273.0,4273.0,161816,0
a1509,2015-05-06 02:12,4273.0,4273.0,4273.0,4273.0,161816,0
a1509,2015-05-06 02:18,4274.0,4274.0,4274.0,4274.0,161720,96
a1509,2015-05-06 02:19,4274.0,4276.0,4274.0,4276.0,161642,158
a1509,2015-05-06 02:20,4276.0,4277.0,4275.0,4275.0,161642,54
a1509,2015-05-06 02:21,4275.0,4276.0,4275.0,4276.0,161670,44
a1509,2015-05-06 02:22,4275.0,4277.0,4275.0,4276.0,161684,68
a1509,2015-05-06 02:23,4276.0,4276.0,4276.0,4276.0,161684,2
a1509,2015-05-06 02:24,4276.0,4277.0,4276.0,4277.0,161682,64
a1509,2015-05-06 02:25,4276.0,4277.0,4276.0,4276.0,161678,12
a1509,2015-05-06 02:26,4276.0,4276.0,4275.0,4275.0,161672,14
a1509,2015-05-06 02:27,4274.0,4274.0,4272.0,4272.0,161644,70
a1509,2015-05-06 02:28,4277.0,4277.0,4275.0,4275.0,161628,96
a1509,2015-05-06 02:29,4275.0,4280.0,4272.0,4280.0,161516,268
a1509,2015-05-06 09:00,4280.0,4282.0,4278.0,4282.0,161682,1472
a1509,2015-05-06 09:01,4282.0,4287.0,4280.0,4286.0,161678,1560
a1509,2015-05-06 09:02,4286.0,4286.0,4283.0,4285.0,161782,582
a1509,2015-05-06 09:03,4285.0,4285.0,4279.0,4280.0,161810,560
a1509,2015-05-06 09:04,4280.0,4284.0,4279.0,4283.0,161798,818
a1509,2015-05-06 09:05,4283.0,4285.0,4283.0,4285.0,161884,648
a1509,2015-05-06 09:06,4286.0,4286.0,4283.0,4284.0,161818,384
a1509,2015-05-06 09:07,4283.0,4287.0,4283.0,4286.0,162132,920
a1509,2015-05-06 09:08,4286.0,4296.0,4285.0,4296.0,162362,2124
a1509,2015-05-06 09:09,4296.0,4314.0,4296.0,4309.0,163318,5950
a1509,2015-05-06 09:10,4308.0,4318.0,4305.0,4308.0,163826,3374
a1509,2015-05-06 09:11,4308.0,4309.0,4302.0,4303.0,163304,2160
a1509,2015-05-06 09:12,4303.0,4308.0,4303.0,4305.0,163616,1464
a1509,2015-05-06 09:13,4305.0,4306.0,4299.0,4299.0,163746,1406
a1509,2015-05-06 09:14,4299.0,4304.0,4299.0,4303.0,163566,772
a1509,2015-05-06 09:15,4303.0,4308.0,4303.0,4306.0,163412,1362
a1509,2015-05-06 09:16,4306.0,4307.0,4305.0,4307.0,163420,584
a1509,2015-05-06 09:17,4307.0,4309.0,4305.0,4306.0,163608,834
a1509,2015-05-06 09:18,4306.0,4308.0,4306.0,4308.0,163606,662
a1509,2015-05-06 09:19,4308.0,4308.0,4306.0,4307.0,163726,236
a1509,2015-05-06 09:20,4306.0,4309.0,4306.0,4308.0,163824,400
a1509,2015-05-06 09:21,4308.0,4308.0,4305.0,4305.0,163982,410
a1509,2015-05-06 09:22,4305.0,4305.0,4302.0,4304.0,163962,798
a1509,2015-05-06 09:23,4304.0,4306.0,4304.0,4305.0,163980,162
a1509,2015-05-06 09:24,4305.0,4306.0,4304.0,4306.0,163846,270
a1509,2015-05-06 09:25,4306.0,4307.0,4306.0,4307.0,163888,138
a1509,2015-05-06 09:26,4307.0,4307.0,4305.0,4305.0,163974,316
a1509,2015-05-06 09:27,4305.0,4305.0,4302.0,4303.0,163778,606
a1509,2015-05-06 09:28,4302.0,4303.0,4302.0,4303.0,163754,486
a1509,2015-05-06 09:29,4303.0,4305.0,4302.0,4305.0,163764,190
a1509,2015-05-06 09:30,4305.0,4306.0,4305.0,4305.0,163814,232
a1509,2015-05-06 09:31,4305.0,4305.0,4304.0,4304.0,163820,54
a1509,2015-05-06 09:32,4304.0,4305.0,4304.0,4304.0,163832,36
a1509,2015-05-06 09:33,4304.0,4305.0,4304.0,4305.0,163832,62
a1509,2015-05-06 09:34,4305.0,4305.0,4304.0,4304.0,163864,140
a1509,2015-05-06 09:35,4304.0,4305.0,4303.0,4303.0,163856,136
a1509,2015-05-06 09:36,4303.0,4303.0,4291.0,4291.0,163756,1520
a1509,2015-05-06 09:37,4290.0,4298.0,4288.0,4297.0,163480,832
a1509,2015-05-06 09:38,4297.0,4301.0,4297.0,4301.0,163398,348
a1509,2015-05-06 09:39,4302.0,4302.0,4298.0,4298.0,163324,242
a1509,2015-05-06 09:40,4299.0,4299.0,4297.0,4298.0,163298,116
a1509,2015-05-06 09:41,4298.0,4300.0,4298.0,4298.0,163254,178
a1509,2015-05-06 09:42,4298.0,4299.0,4295.0,4296.0,163242,240
a1509,2015-05-06 09:43,4296.0,4297.0,4295.0,4296.0,163190,98
a1509,2015-05-06 09:44,4296.0,4296.0,4294.0,4295.0,163104,334
a1509,2015-05-06 09:45,4295.0,4296.0,4292.0,4293.0,163076,332
a1509,2015-05-06 09:46,4293.0,4294.0,4292.0,4292.0,162994,338
a1509,2015-05-06 09:47,4291.0,4296.0,4291.0,4294.0,162918,244
a1509,2015-05-06 09:48,4294.0,4296.0,4294.0,4296.0,162912,68
a1509,2015-05-06 09:49,4296.0,4297.0,4295.0,4296.0,162908,40
a1509,2015-05-06 09:50,4296.0,4299.0,4296.0,4298.0,162912,208
a1509,2015-05-06 09:51,4297.0,4298.0,4296.0,4297.0,162948,90
a1509,2015-05-06 09:52,4297.0,4297.0,4296.0,4297.0,162992,100
a1509,2015-05-06 09:53,4297.0,4299.0,4297.0,4299.0,162976,126
a1509,2015-05-06 09:54,4299.0,4299.0,4298.0,4298.0,163016,108
a1509,2015-05-06 09:55,4298.0,4299.0,4296.0,4298.0,162994,216
a1509,2015-05-06 09:56,4298.0,4300.0,4298.0,4300.0,162990,80
a1509,2015-05-06 09:57,4300.0,4301.0,4300.0,4300.0,163056,268
a1509,2015-05-06 09:58,4300.0,4301.0,4299.0,4300.0,163054,182
a1509,2015-05-06 09:59,4300.0,4305.0,4300.0,4304.0,163146,430
a1509,2015-05-06 10:00,4304.0,4304.0,4300.0,4300.0,163218,300
a1509,2015-05-06 10:01,4300.0,4301.0,4300.0,4300.0,163214,90
a1509,2015-05-06 10:02,4300.0,4302.0,4300.0,4301.0,163210,76
a1509,2015-05-06 10:03,4301.0,4302.0,4301.0,4302.0,163194,68
a1509,2015-05-06 10:04,4302.0,4303.0,4301.0,4302.0,163196,22
a1509,2015-05-06 10:05,4302.0,4302.0,4301.0,4302.0,163232,174
a1509,2015-05-06 10:06,4303.0,4303.0,4301.0,4301.0,163220,26
a1509,2015-05-06 10:07,4302.0,4302.0,4299.0,4300.0,163254,140
a1509,2015-05-06 10:08,4300.0,4301.0,4299.0,4300.0,163304,166
a1509,2015-05-06 10:09,4301.0,4301.0,4301.0,4301.0,163252,84
a1509,2015-05-06 10:10,4301.0,4302.0,4300.0,4300.0,163240,22
a1509,2015-05-06 10:11,4300.0,4301.0,4300.0,4301.0,163248,46
a1509,2015-05-06 10:12,4301.0,4301.0,4300.0,4301.0,163246,62
a1509,2015-05-06 10:13,4301.0,4301.0,4300.0,4300.0,163244,40
a1509,2015-05-06 10:14,4300.0,4302.0,4299.0,4299.0,163168,172
a1509,2015-05-06 10:15,4299.0,4299.0,4299.0,4299.0,163168,0
a1509,2015-05-06 10:30,4299.0,4300.0,4298.0,4299.0,163140,176
a1509,2015-05-06 10:31,4299.0,4299.0,4297.0,4297.0,163118,74
a1509,2015-05-06 10:32,4297.0,4297.0,4294.0,4294.0,163036,410
a1509,2015-05-06 10:33,4294.0,4300.0,4293.0,4299.0,163074,320
a1509,2015-05-06 10:34,4299.0,4299.0,4298.0,4298.0,163060,60
a1509,2015-05-06 10:35,4298.0,4299.0,4298.0,4298.0,163084,134
a1509,2015-05-06 10:36,4298.0,4299.0,4298.0,4299.0,163074,36
a1509,2015-05-06 10:37,4299.0,4299.0,4298.0,4299.0,163078,76
a1509,2015-05-06 10:38,4299.0,4299.0,4298.0,4299.0,163068,58
a1509,2015-05-06 10:39,4299.0,4299.0,4298.0,4299.0,163110,54
a1509,2015-05-06 10:40,4299.0,4299.0,4298.0,4298.0,163108,38
a1509,2015-05-06 10:41,4298.0,4298.0,4297.0,4297.0,163042,100
a1509,2015-05-06 10:42,4297.0,4297.0,4295.0,4296.0,163050,96
a1509,2015-05-06 10:43,4296.0,4296.0,4296.0,4296.0,163032,60
a1509,2015-05-06 10:44,4295.0,4296.0,4294.0,4295.0,163038,108
a1509,2015-05-06 10:45,4295.0,4297.0,4295.0,4297.0,162990,114
a1509,2015-05-06 10:46,4297.0,4297.0,4297.0,4297.0,162964,42
a1509,2015-05-06 10:47,4297.0,4298.0,4297.0,4298.0,162970,60
a1509,2015-05-06 10:48,4297.0,4298.0,4297.0,4298.0,162964,42
a1509,2015-05-06 10:49,4298.0,4299.0,4297.0,4298.0,163002,62
a1509,2015-05-06 10:50,4298.0,4299.0,4298.0,4298.0,162988,36
a1509,2015-05-06 10:51,4298.0,4299.0,4298.0,4298.0,163002,70
a1509,2015-05-06 10:52,4298.0,4298.0,4297.0,4298.0,163000,36
a1509,2015-05-06 10:53,4297.0,4298.0,4297.0,4298.0,162998,50
a1509,2015-05-06 10:54,4298.0,4298.0,4296.0,4296.0,163018,66
a1509,2015-05-06 10:55,4296.0,4298.0,4296.0,4298.0,162984,68
a1509,2015-05-06 10:56,4298.0,4298.0,4297.0,4298.0,162984,38
a1509,2015-05-06 10:57,4298.0,4298.0,4298.0,4298.0,162986,16
a1509,2015-05-06 10:58,4298.0,4299.0,4298.0,4298.0,162984,6
a1509,2015-05-06 10:59,4298.0,4299.0,4297.0,4299.0,162914,130
a1509,2015-05-06 11:00,4299.0,4300.0,4299.0,4300.0,162966,108
a1509,2015-05-06 11:01,4300.0,4300.0,4299.0,4299.0,162968,26
a1509,2015-05-06 11:02,4299.0,4299.0,4298.0,4299.0,162968,62
a1509,2015-05-06 11:03,4299.0,4300.0,4299.0,4300.0,162992,24
a1509,2015-05-06 11:04,4300.0,4300.0,4299.0,4299.0,163020,50
a1509,2015-05-06 11:05,4300.0,4301.0,4299.0,4300.0,163026,140
a1509,2015-05-06 11:06,4300.0,4301.0,4300.0,4300.0,163056,82
a1509,2015-05-06 11:07,4300.0,4300.0,4299.0,4299.0,163058,68
a1509,2015-05-06 11:08,4299.0,4299.0,4298.0,4299.0,163002,92
a1509,2015-05-06 11:09,4299.0,4299.0,4298.0,4299.0,162958,88
a1509,2015-05-06 11:10,4299.0,4300.0,4298.0,4298.0,162878,238
a1509,2015-05-06 11:11,4298.0,4298.0,4298.0,4298.0,162874,8
a1509,2015-05-06 11:12,4298.0,4298.0,4297.0,4297.0,162888,26
a1509,2015-05-06 11:13,4297.0,4299.0,4297.0,4299.0,162894,14
a1509,2015-05-06 11:14,4299.0,4299.0,4298.0,4299.0,162926,52
a1509,2015-05-06 11:15,4298.0,4299.0,4297.0,4297.0,162936,74
a1509,2015-05-06 11:16,4297.0,4297.0,4296.0,4296.0,162974,126
a1509,2015-05-06 11:17,4296.0,4296.0,4288.0,4288.0,163006,848
a1509,2015-05-06 11:18,4288.0,4291.0,4288.0,4290.0,162918,486
a1509,2015-05-06 11:19,4288.0,4293.0,4288.0,4293.0,162684,396
a1509,2015-05-06 11:20,4293.0,4293.0,4290.0,4292.0,162678,114
a1509,2015-05-06 11:21,4292.0,4292.0,4291.0,4291.0,162676,90
a1509,2015-05-06 11:22,4292.0,4293.0,4292.0,4293.0,162614,148
a1509,2015-05-06 11:23,4293.0,4293.0,4291.0,4291.0,162602,88
a1509,2015-05-06 11:24,4291.0,4291.0,4289.0,4291.0,162578,150
a1509,2015-05-06 11:25,4291.0,4292.0,4290.0,4290.0,162556,38
a1509,2015-05-06 11:26,4290.0,4290.0,4288.0,4290.0,162604,214
a1509,2015-05-06 11:27,4290.0,4293.0,4288.0,4291.0,162662,420
a1509,2015-05-06 11:28,4291.0,4293.0,4291.0,4292.0,162684,132
a1509,2015-05-06 11:29,4292.0,4294.0,4292.0,4293.0,162712,208
a1509,2015-05-06 13:30,4293.0,4297.0,4293.0,4295.0,162696,146
a1509,2015-05-06 13:31,4295.0,4296.0,4294.0,4294.0,162722,82
a1509,2015-05-06 13:32,4294.0,4296.0,4294.0,4296.0,162724,76
a1509,2015-05-06 13:33,4296.0,4297.0,4295.0,4297.0,162738,122
a1509,2015-05-06 13:34,4297.0,4299.0,4296.0,4297.0,162732,246
a1509,2015-05-06 13:35,4297.0,4299.0,4297.0,4298.0,162762,62
a1509,2015-05-06 13:36,4298.0,4298.0,4296.0,4297.0,162764,144
a1509,2015-05-06 13:37,4297.0,4298.0,4297.0,4297.0,162768,50
a1509,2015-05-06 13:38,4297.0,4298.0,4297.0,4298.0,162774,62
a1509,2015-05-06 13:39,4298.0,4298.0,4297.0,4297.0,162774,86
a1509,2015-05-06 13:40,4297.0,4299.0,4297.0,4298.0,162744,112
a1509,2015-05-06 13:41,4298.0,4301.0,4298.0,4300.0,162806,298
a1509,2015-05-06 13:42,4300.0,4302.0,4300.0,4302.0,162784,238
a1509,2015-05-06 13:43,4302.0,4302.0,4300.0,4301.0,162768,114
a1509,2015-05-06 13:44,4301.0,4301.0,4300.0,4300.0,162790,82
a1509,2015-05-06 13:45,4300.0,4301.0,4300.0,4300.0,162806,62
a1509,2015-05-06 13:46,4300.0,4302.0,4294.0,4298.0,163170,646
a1509,2015-05-06 13:47,4298.0,4298.0,4295.0,4297.0,163128,212
a1509,2015-05-06 13:48,4297.0,4298.0,4296.0,4296.0,163140,94
a1509,2015-05-06 13:49,4295.0,4296.0,4294.0,4295.0,163088,456
a1509,2015-05-06 13:50,4296.0,4297.0,4294.0,4294.0,163046,236
a1509,2015-05-06 13:51,4294.0,4297.0,4294.0,4297.0,162932,210
a1509,2015-05-06 13:52,4297.0,4298.0,4296.0,4298.0,162936,216
a1509,2015-05-06 13:53,4299.0,4299.0,4297.0,4298.0,162936,64
a1509,2015-05-06 13:54,4298.0,4300.0,4298.0,4299.0,162938,164
a1509,2015-05-06 13:55,4300.0,4302.0,4299.0,4302.0,163004,234
a1509,2015-05-06 13:56,4302.0,4303.0,4301.0,4302.0,162988,166
a1509,2015-05-06 13:57,4302.0,4307.0,4302.0,4307.0,162642,990
a1509,2015-05-06 13:58,4307.0,4310.0,4307.0,4308.0,163020,1456
a1509,2015-05-06 13:59,4307.0,4308.0,4305.0,4307.0,163188,458
a1509,2015-05-06 14:00,4307.0,4311.0,4306.0,4310.0,163064,1226
a1509,2015-05-06 14:01,4310.0,4311.0,4308.0,4309.0,162792,762
a1509,2015-05-06 14:02,4308.0,4322.0,4307.0,4322.0,162198,2766
a1509,2015-05-06 14:03,4321.0,4329.0,4319.0,4327.0,162008,3072
a1509,2015-05-06 14:04,4329.0,4331.0,4326.0,4326.0,161410,2852
a1509,2015-05-06 14:05,4327.0,4330.0,4322.0,4323.0,161574,2048
a1509,2015-05-06 14:06,4323.0,4325.0,4321.0,4322.0,161374,1500
a1509,2015-05-06 14:07,4322.0,4325.0,4322.0,4324.0,161252,714
a1509,2015-05-06 14:08,4324.0,4324.0,4320.0,4321.0,161204,616
a1509,2015-05-06 14:09,4321.0,4322.0,4320.0,4320.0,160934,702
a1509,2015-05-06 14:10,4320.0,4327.0,4319.0,4325.0,161014,1300
a1509,2015-05-06 14:11,4325.0,4325.0,4324.0,4324.0,161072,138
a1509,2015-05-06 14:12,4324.0,4324.0,4320.0,4321.0,160944,698
a1509,2015-05-06 14:13,4321.0,4322.0,4320.0,4320.0,161034,394
a1509,2015-05-06 14:14,4320.0,4321.0,4319.0,4320.0,161024,164
a1509,2015-05-06 14:15,4320.0,4321.0,4319.0,4321.0,161022,234
a1509,2015-05-06 14:16,4322.0,4322.0,4319.0,4320.0,161088,190
a1509,2015-05-06 14:17,4320.0,4321.0,4318.0,4318.0,161052,368
a1509,2015-05-06 14:18,4318.0,4318.0,4313.0,4314.0,160710,1028
a1509,2015-05-06 14:19,4314.0,4317.0,4314.0,4317.0,160642,350
a1509,2015-05-06 14:20,4317.0,4320.0,4317.0,4319.0,160378,464
a1509,2015-05-06 14:21,4318.0,4319.0,4318.0,4318.0,160382,28
a1509,2015-05-06 14:22,4318.0,4320.0,4317.0,4320.0,160382,116
a1509,2015-05-06 14:23,4320.0,4321.0,4319.0,4319.0,160486,366
a1509,2015-05-06 14:24,4319.0,4320.0,4319.0,4320.0,160470,52
a1509,2015-05-06 14:25,4319.0,4321.0,4318.0,4318.0,160500,294
a1509,2015-05-06 14:26,4318.0,4319.0,4318.0,4318.0,160496,338
a1509,2015-05-06 14:27,4318.0,4318.0,4312.0,4313.0,160398,680
a1509,2015-05-06 14:28,4313.0,4314.0,4307.0,4309.0,160256,1284
a1509,2015-05-06 14:29,4309.0,4311.0,4305.0,4305.0,159928,1104
a1509,2015-05-06 14:30,4305.0,4309.0,4305.0,4308.0,159780,494
a1509,2015-05-06 14:31,4308.0,4309.0,4307.0,4309.0,159724,152
a1509,2015-05-06 14:32,4308.0,4309.0,4306.0,4307.0,159706,186
a1509,2015-05-06 14:33,4306.0,4309.0,4305.0,4309.0,159536,584
a1509,2015-05-06 14:34,4309.0,4313.0,4307.0,4313.0,159516,330
a1509,2015-05-06 14:35,4313.0,4318.0,4313.0,4317.0,159484,450
a1509,2015-05-06 14:36,4317.0,4321.0,4317.0,4320.0,159548,390
a1509,2015-05-06 14:37,4320.0,4322.0,4318.0,4320.0,159622,380
a1509,2015-05-06 14:38,4320.0,4320.0,4316.0,4317.0,159564,372
a1509,2015-05-06 14:39,4317.0,4318.0,4316.0,4317.0,159606,174
a1509,2015-05-06 14:40,4317.0,4319.0,4317.0,4318.0,159640,154
a1509,2015-05-06 14:41,4318.0,4318.0,4316.0,4317.0,159636,56
a1509,2015-05-06 14:42,4316.0,4317.0,4316.0,4317.0,159642,68
a1509,2015-05-06 14:43,4317.0,4317.0,4314.0,4314.0,159692,254
a1509,2015-05-06 14:44,4314.0,4314.0,4313.0,4314.0,159694,194
a1509,2015-05-06 14:45,4314.0,4315.0,4313.0,4315.0,159706,218
a1509,2015-05-06 14:46,4314.0,4314.0,4311.0,4311.0,159714,200
a1509,2015-05-06 14:47,4312.0,4312.0,4306.0,4308.0,159546,722
a1509,2015-05-06 14:48,4308.0,4309.0,4307.0,4308.0,159430,292
a1509,2015-05-06 14:49,4308.0,4311.0,4308.0,4311.0,159366,298
a1509,2015-05-06 14:50,4311.0,4311.0,4308.0,4308.0,159352,204
a1509,2015-05-06 14:51,4308.0,4309.0,4305.0,4306.0,159540,640
a1509,2015-05-06 14:52,4306.0,4306.0,4295.0,4301.0,159188,1204
a1509,2015-05-06 14:53,4301.0,4302.0,4300.0,4301.0,158974,502
a1509,2015-05-06 14:54,4301.0,4302.0,4300.0,4301.0,158942,276
a1509,2015-05-06 14:55,4301.0,4303.0,4299.0,4303.0,158788,324
a1509,2015-05-06 14:56,4303.0,4305.0,4302.0,4305.0,158752,268
a1509,2015-05-06 14:57,4305.0,4305.0,4299.0,4302.0,158696,654
a1509,2015-05-06 14:58,4302.0,4306.0,4301.0,4303.0,158542,484
a1509,2015-05-06 14:59,4305.0,4306.0,4302.0,4306.0,158448,748
a1509,2015-05-06 15:00,4306.0,4306.0,4306.0,4306.0,158448,0
